MSE: 0.007002122698889017, Coefficients: [532.9736688008104, 0.007321533921475193], Subset Indices: [2, 3, 5, 6, 7, 8, 10, 11, 13], Subset Indices SP: [1, 2, 3, 4, 5, 6, 7, 8, 9]
MSE: 0.007099065321130342, Coefficients: [532.9698790594539, 0.007354786869925896], Subset Indices: [2, 3, 5, 6, 7, 8, 10, 12, 13], Subset Indices SP: [1, 2, 3, 4, 5, 6, 7, 8, 9]
MSE: 0.007575068174997003, Coefficients: [532.9738254966621, 0.007332420708989075], Subset Indices: [2, 3, 5, 6, 7, 9, 10, 11, 13], Subset Indices SP: [1, 2, 3, 4, 5, 6, 7, 8, 9]
MSE: 0.007629503459913913, Coefficients: [532.9700357553056, 0.007365673657440299], Subset Indices: [2, 3, 5, 6, 7, 9, 10, 12, 13], Subset Indices SP: [1, 2, 3, 4, 5, 6, 7, 8, 9]
MSE: 0.007855088038846828, Coefficients: [533.2263972532562, 0.006234811032413859], Subset Indices: [3, 4, 5, 6, 7, 8, 9, 10, 11], Subset Indices SP: [1, 2, 3, 4, 5, 6, 7, 8, 9]
MSE: 0.007960655552520164, Coefficients: [533.2210060107537, 0.006274445375752694], Subset Indices: [3, 4, 5, 6, 7, 8, 9, 10, 12], Subset Indices SP: [1, 2, 3, 4, 5, 6, 7, 8, 9]
MSE: 0.00893376612269776, Coefficients: [533.0280462792421, 0.006821507901640484], Subset Indices: [2, 3, 5, 6, 7, 8, 9, 10, 12], Subset Indices SP: [1, 2, 3, 4, 5, 6, 7, 8, 9]
MSE: 0.009290468404429883, Coefficients: [533.0334375217449, 0.0067818735583001265], Subset Indices: [2, 3, 5, 6, 7, 8, 9, 10, 11], Subset Indices SP: [1, 2, 3, 4, 5, 6, 7, 8, 9]
MSE: 0.009402558185494712, Coefficients: [532.9858518055127, 0.007157877484230561], Subset Indices: [2, 3, 5, 6, 7, 8, 9, 11, 13], Subset Indices SP: [1, 2, 3, 4, 5, 6, 7, 8, 9]
MSE: 0.010000141522277246, Coefficients: [533.0096521687562, 0.006982906358754962], Subset Indices: [2, 3, 5, 6, 7, 8, 9, 11, 12], Subset Indices SP: [1, 2, 3, 4, 5, 6, 7, 8, 9]
